Name	IAU name	z	S 178-MHz	SPI	FR class	S 5-GHz core	`Best' radio map	Radio RA	Radio DEC	
4C12.03	0007+124	0.156	10.9	0.87	2	3.5	[601]	00 09 52.634	+12 44 06.21 
3C6.1	0013+790	0.8404	14.9	0.68	2	4.4	[530]	00 16 31.112	+79 16 50.13 
3C9	0017+154	2.012	19.4	1.12	2	4.9	[504]	00 20 25.220	+15 40 54.94 
3C13	0031+391	1.351	13.1	0.93	2	0.36	[503,537]	00 34 14.571	+39 24 14.63 
3C14	0033+183	1.469	11.3	0.81	2	10.6	[527]	00 36 06.440	+18 37 59.05 
3C16	0035+130	0.405	12.2	0.94	2	0.26	[533,601]	00 37 45.404	+13 20 09.16 
3C19	0038+328	0.482	13.2	0.63	2	0.47	[533]	00 40 55.028	+33 10 07.22 
3C20	0040+517	0.174	46.8	0.66	2	2.6	[605,505,522]	00 43 09.172	+52 03 36.33 
3C22	0048+509	0.938	13.2	0.78	2	7.83	[528]	00 50 56.218	+51 12 03.52 
3C28	0053+261	0.1952	17.8	1.06	2	<0.2	[506]	00 55 50.650	+26 24 37.33 
3C31	0104+321	0.0167	18.3	0.57	1	92	[606]	01 07 24.955	+32 24 45.15 
3C33	0106+130	0.0595	59.3	0.76	2	24	[601]	01 08 52.868	+13 20 14.36 
3C33.1	0106+729	0.181	14.2	0.62	2	12.3	[506]	01 09 44.272	+73 11 57.33 
3C34	0107+315	0.689	13.0	1.06	2	1.03	[529,505]	01 10 18.534	+31 47 19.72 
3C35	0109+492	0.0677	11.4	0.77	2	11.3	[506]	01 12 02.264	+49 28 35.50 
3C41	0123+329	0.795	11.6	0.51	2	0.64	[503,530]	01 26 44.323	+33 13 11.16 
3C42	0125+287	0.395	13.1	0.73	2	2.4	[601,505]	01 28 30.111	+29 03 00.90 
3C43	0127+233	1.47	12.6	0.75	0	<61	[531]	01 29 59.793	+23 38 21.10 
3C46	0132+376	0.4373	11.1	1.13	2	2.3	[506,533]	01 35 28.476	+37 54 05.42 
3C47	0133+207	0.425	28.8	0.98	2	73.6	[506,504]	01 36 24.420	+20 57 27.62 
3C48	0134+329	0.367	60.0	0.59	0	896	[607]	01 37 41.297	+33 09 35.25 
3C49	0138+136	0.6207	11.2	0.65	2	7.0	[531]	01 41 09.170	+13 53 28.62 
3C55	0154+286	0.735	23.4	1.04	2	5.32	[610,528]	01 57 10.536	+28 51 39.80 
3C61.1	0210+860	0.186	34.0	0.77	2	2.4	[601]	02 22 35.188	+86 19 06.51 
3C65	0220+397	1.176	16.6	0.75	2	0.52	[503]	02 23 43.480	+40 00 52.67 
3C66B	0220+427	0.0215	26.8	0.50	1	182	[76,608]	02 23 11.410	+42 59 31.51 
3C67	0221+276	0.3102	10.9	0.58	2	5.5	[510,609]	02 24 12.305	+27 50 11.42 
3C68.1	0229+341	1.238	14.0	0.80	2	1.1	[505]	02 32 28.879	+34 23 46.84 
3C68.2	0231+313	1.575	10.9	1.05	2	0.42	[503,610]	02 34 23.890	+31 34 18.45 
3C76.1	0300+162	0.0324	13.3	0.77	1	10	[601]	03 03 14.992	+16 26 19.00 
3C79	0307+169	0.2559	33.2	0.92	2	10	[140,522]	03 10 00.086	+17 05 58.65 
3C83.1B	0314+416	0.0255	29.0	0.62	1	40	[100]	03 18 15.697	+41 52 27.99 
3C84	0316+413	0.0177	66.8	0.78	1	59600	[512]	03 19 48.149	+41 30 42.35 
3C98	0356+102	0.0306	51.4	0.78	2	9.0	[613]	03 58 54.432	+10 26 02.81 
3C109	0410+110	0.3056	23.5	0.85	2	263	[614]	04 13 40.337	+11 12 14.73 
4C14.11	0411+141	0.206	12.1	0.84	2	29.69	[601,522]	04 14 29.795	+14 16 23.14 
3C123	0433+295	0.2177	206.0	0.70	2	100	[522]	04 37 04.375	+29 40 13.86 
3C132	0453+227	0.214	14.9	0.68	2	2.29	[506,522]	04 56 42.917	+22 49 23.27 
3C138	0518+165	0.759	24.2	0.46	0	94	[39]	05 21 09.887	+16 38 22.06 
3C147	0538+498	0.5450	65.9	0.46	0	2500	[531,615]	05 42 36.155	+49 51 07.28 
3C153	0605+480	0.2769	16.7	0.66	2	<1.7	[506,522]	06 09 32.535	+48 04 15.35 
3C171	0651+542	0.2384	21.3	0.87	2	2.2	[522]	06 55 14.739	+54 08 57.39 
3C172	0659+253	0.5191	16.5	0.86	2	0.43	[533]	07 02 08.306	+25 13 53.50 
3C173.1	0702+749	0.292	16.8	0.88	2	7.4	[601,522]	07 09 18.246	+74 49 31.76 
3C175	0710+118	0.768	19.2	0.98	2	23.5	[504]	07 13 02.423	+11 46 16.25 
3C175.1	0711+146	0.920	12.4	0.91	2	11	[530]	07 14 04.690	+14 36 22.60 
3C181	0725+147	1.382	15.8	1.0	2	6	[617]	07 28 10.216	+14 37 36.56 
3C184	0733+705	0.994	14.4	0.86	2	<0.2	[603]	07 39 24.306	+70 23 10.74 
3C184.1	0734+805	0.1187	14.2	0.68	2	6	[601,613]	07 43 01.450	+80 26 25.59 
3C186	0740+380	1.063	15.4	1.15	2	15	[531]	07 44 17.455	+37 53 17.22 
DA240	0745+560	0.0356	23.2	0.77	2	105	[506]	07 48 36.817	+55 48 59.54 
3C190	0758+143	1.197	16.4	0.93	2	73	[531]	08 01 32.545	+14 14 42.80 
3C191	0802+103	1.9523	14.2	0.98	2	42	[534]	08 04 47.959	+10 15 23.56 
3C192	0802+243	0.0598	23.0	0.79	2	8	[613]	08 05 35.014	+24 09 49.70 
3C196	0809+483	0.871	74.3	0.79	2	7	[618]	08 13 36.051	+48 13 02.58 
3C200	0824+294	0.458	12.3	0.84	2	35.1	[25]	08 27 25.386	+29 18 44.90 
4C14.27	0832+143	0.3920	11.2	1.15	2	<0.25	[601,533]	08 35 03.578	+14 11 49.38 
3C204	0833+654	1.112	11.4	1.08	2	26.9	[504]	08 37 45.013	+65 13 35.22 
3C205	0835+580	1.534	13.7	0.88	2	20	[535]	08 39 06.533	+57 54 16.86 
3C207	0838+133	0.684	14.8	0.90	2	510	[519]	08 40 47.587	+13 12 23.48 
3C208	0850+140	1.109	18.3	0.96	2	51.0	[504]	08 53 08.601	+13 52 54.65 
3C212	0855+143	1.049	16.5	0.92	2	150	[507]	08 58 41.444	+14 09 44.66 
3C215	0903+169	0.411	12.4	1.06	2	16.4	[504]	09 06 31.871	+16 46 11.68 
3C217	0905+380	0.8975	12.3	0.77	2	<0.6	[503]	09 08 50.684	+37 48 19.23 
3C216	0906+430	0.668	22.0	0.84	2	1050	[620]	09 09 33.502	+42 53 46.38 
3C219	0917+458	0.1744	44.9	0.81	2	51	[621]	09 21 08.627	+45 38 57.26 
3C220.1	0926+793	0.61	17.2	0.93	2	25	[25]	09 32 40.016	+79 06 29.75 
3C220.3	0931+836	0.685	17.1	0.75	2	<0.17	[57]	09 39 23.445	+83 15 26.17 
3C223	0936+361	0.1368	16.0	0.74	2	9	[601]	09 39 52.761	+35 53 58.78 
3C225B	0939+139	0.58	23.2	0.94	2	1.1	[533]	09 42 15.396	+13 45 50.43 
3C226	0941+100	0.82	16.4	0.88	2	7.5	[503]	09 44 16.518	+09 46 16.81 
4C73.08	0945+734	0.0581	15.6	0.85	2	11	[506]	09 49 45.776	+73 14 23.14 
3C228	0947+145	0.5524	23.8	1.0	2	13.3	[529]	09 50 10.793	+14 20 00.44 
3C231	0951+699	0.0013	15.9	0.28	1	--	[529]	09 55 52.923	+69 40 46.14 
3C234	0958+290	0.1848	34.2	0.86	2	90	[522]	10 01 49.515	+28 47 08.71 
3C236	1003+351	0.0989	15.7	0.51	2	84	[623]	10 06 01.756	+34 54 10.23 
3C239	1008+467	1.781	14.4	1.08	2	0.5	[503]	10 11 45.282	+46 28 19.55 
4C74.16	1009+748	0.81	12.8	0.87	2	1.5	[71]	10 14 14.754	+74 37 36.61 
3C241	1019+222	1.617	12.6	0.97	2	3	[38]	10 21 54.545	+21 59 30.42 
3C244.1	1030+585	0.428	22.1	0.82	2	1.98	[506,505]	10 33 33.984	+58 14 35.46 
3C245	1040+123	1.029	15.7	0.78	2	910	[626,527]	10 42 44.601	+12 03 31.09 
3C247	1056+432	0.7489	11.6	0.61	2	3.5	[503]	10 58 58.956	+43 01 24.45 
3C249.1	1100+772	0.311	11.7	0.81	2	71	[504]	11 04 13.882	+76 58 58.00 
3C252	1108+359	1.105	12.0	1.03	2	1.1	[505]	11 11 32.980	+35 40 41.37 
3C254	1111+408	0.734	21.7	0.96	2	19	[80]	11 14 38.721	+40 37 20.15 
3C263	1137+660	0.652	16.6	0.82	2	157	[504]	11 39 57.018	+65 47 49.34 
3C263.1	1140+223	0.824	19.8	0.87	2	3.2	[530]	11 43 25.088	+22 06 55.96 
3C264	1142+198	0.0208	28.3	0.75	1	200	[627,515]	11 45 04.939	+19 36 23.08 
3C265	1142+318	0.8108	21.3	0.96	2	2.89	[503,610,528]	11 45 28.953	+31 33 46.92 
3C266	1143+500	1.272	12.1	1.01	2	<0.17	[503]	11 45 43.368	+49 46 07.70 
3C267	1147+130	1.144	15.9	0.93	2	3.0	[503,610]	11 49 56.579	+12 47 19.05 
3C268.1	1157+732	0.9731	23.3	0.59	2	2.0	[610]	12 00 24.482	+73 00 45.55 
3C268.3	1203+645	0.371	11.7	0.50	2	1.0	[531]	12 06 24.758	+64 13 36.51 
3C268.4	1206+439	1.400	11.2	0.80	2	50	[80]	12 09 13.615	+43 39 20.74 
3C270.1	1218+339	1.519	14.8	0.75	2	190	[527]	12 20 33.873	+33 43 11.79 
3C272.1	1222+131	0.0029	21.1	0.60	1	180	[70]	12 25 03.730	+12 53 13.42 
A1552	1227+119	0.0837	12.5	0.94	1	27	[525]	12 29 52.299	+11 40 39.03 
3C274	1228+126	0.0041	1144.5	0.79	1	4e3	[630]	12 30 49.396	+12 23 27.84 
3C274.1	1232+216	0.422	18.0	0.87	2	3.0	[533]	12 35 26.658	+21 20 34.53 
3C275.1	1241+166	0.557	19.9	0.96	2	130	[533]	12 43 57.646	+16 22 53.19 
3C277.2	1251+159	0.766	13.1	1.02	2	0.48	[503]	12 53 33.320	+15 42 30.96 
3C280	1254+476	0.996	25.8	0.81	2	1.0	[80]	12 56 57.701	+47 20 19.66 
3C284	1308+277	0.2394	12.3	0.95	2	3.2	[629,522]	13 11 04.655	+27 28 07.06 
3C285	1319+428	0.0794	12.3	0.95	2	6	[632]	13 21 17.861	+42 35 14.75 
3C287	1328+254	1.055	17.8	0.42	0	--	[39]	13 30 37.687	+25 09 10.68 
3C286	1328+307	0.849	27.3	0.24	0	5554	[534,633]	13 31 08.275	+30 30 32.72 
3C288	1336+391	0.246	20.6	0.85	1	30	[634]	13 38 49.994	+38 51 12.18 
3C289	1343+500	0.9674	13.1	0.81	2	10.6	[80]	13 45 26.254	+49 46 32.39 
3C292	1349+647	0.71	11.0	0.80	2	1.0	[629]	13 50 41.839	+64 29 35.65 
3C293	1350+316	0.0452	13.8	0.45	1	100	[14]	13 52 17.799	+31 26 46.42 
3C294	1404+344	1.786	11.2	1.07	2	0.53	[80]	14 06 44.065	+34 11 25.02 
3C295	1409+524	0.4614	91.0	0.63	2	3	[517]	14 11 20.522	+52 12 09.60 
3C296	1414+110	0.0237	14.2	0.67	1	77	[636]	14 16 52.982	+10 48 27.17 
3C299	1419+419	0.367	12.9	0.65	2	1.0	[80]	14 21 05.624	+41 44 48.34 
3C300	1420+198	0.272	19.5	0.78	2	9	[522]	14 22 59.848	+19 35 36.57 
3C303	1441+522	0.141	12.2	0.76	2	150	[601]	14 43 02.758	+52 01 37.16 
3C305	1448+634	0.0417	17.1	0.85	1	<1.0	[506]	14 49 21.639	+63 16 13.99 
3C309.1	1458+718	0.904	24.7	0.53	2	2350	[534]	14 59 07.604	+71 40 19.82 
3C310	1502+262	0.0540	60.1	0.92	1	80	[637]	15 04 57.115	+26 00 58.31 
3C314.1	1510+709	0.1197	11.6	0.95	1	<1.0	[601]	15 10 23.115	+70 45 53.37 
3C315	1511+263	0.1083	19.4	0.72	1	<150	[506]	15 13 40.073	+26 07 30.74 
3C318	1517+204	1.574	13.4	0.78	2	<90	[638]	15 20 05.490	+20 16 05.71 
3C319	1522+546	0.192	16.7	0.90	2	<1.0	[522]	15 24 04.888	+54 28 05.87 
3C321	1529+242	0.096	14.7	0.60	2	30	[639]	15 31 43.463	+24 04 18.98 
3C322	1533+557	1.681	11.0	0.81	2	0.3	[537]	15 35 01.197	+55 36 51.95 
3C324	1547+215	1.2063	17.2	0.90	2	<0.14	[528,640]	15 49 48.810	+21 25 37.90 
3C326	1549+202	0.0895	22.2	0.88	2	13	[506,623]	15 52 09.097	+20 05 48.25 
3C325	1549+628	0.86	17.0	0.70	2	2.4	[505]	15 49 58.396	+62 41 21.44 
3C330	1609+660	0.5490	30.3	0.71	2	0.74	[505]	16 09 34.890	+65 56 37.72 
NGC6109	1615+351	0.0296	11.7	0.76	1	28	[511,506]	16 17 40.563	+35 00 15.72 
3C334	1618+177	0.555	11.9	0.86	2	111	[504]	16 20 21.810	+17 36 23.84 
3C336	1622+238	0.927	12.5	0.73	2	20.4	[504]	16 24 39.079	+23 45 12.18 
3C341	1626+278	0.448	11.8	0.85	2	1.0	[601]	16 28 03.980	+27 41 39.20 
3C338	1626+396	0.0303	51.1	1.19	1	105	[642]	16 28 38.293	+39 33 04.15 
3C340	1627+234	0.7754	11.0	0.73	2	1.1	[529]	16 29 36.572	+23 20 12.89 
3C337	1627+444	0.635	12.9	0.63	2	0.29	[503,106]	16 18 53.733	+44 18 26.69 
3C343	1634+628	0.988	13.5	0.37	0	<300	[38]	16 34 33.805	+62 45 36.83 
3C343.1	1637+626	0.750	12.5	0.32	2	<200	[38]	16 38 28.100	+62 34 44.97 
NGC6251	1637+826	0.024	11.6	0.72	1	350	[108]	16 32 31.946	+82 32 16.36 
3C346	1641+173	0.162	11.9	0.52	1	220	[506]	16 43 48.603	+17 15 49.48 
3C345	1641+399	0.594	11.8	0.27	0	8610	[644]	16 42 58.799	+39 48 36.85 
3C349	1658+471	0.205	14.5	0.74	2	25	[601,522]	16 59 28.852	+47 02 54.87 
3C351	1704+608	0.371	14.9	0.73	2	6.5	[504]	17 04 41.356	+60 44 30.49 
3C352	1709+460	0.806	12.3	0.88	2	3.18	[503]	17 10 44.111	+46 01 28.56 
3C356	1723+510	1.079	12.3	1.02	2	1.1	[528]	17 24 19.320	+50 57 36.26 
4C16.49	1732+160	1.296	11.4	1.0	2	16	[523]	17 34 42.596	+16 00 32.31 
4C13.66	1759+137	1.450	12.3	0.81	2	<2	[302]	18 01 38.942	+13 51 25.05 
3C368	1802+110	1.132	15.0	1.24	2	<0.21	[640]	18 05 06.410	+11 01 32.99 
3C380	1828+487	0.691	64.7	0.71	1	7447	[171]	18 29 31.777	+48 44 46.73 
3C381	1832+474	0.1605	18.1	0.81	2	5	[601,522]	18 33 46.282	+47 27 02.59 
3C382	1833+326	0.0578	21.7	0.59	2	188	[601,646]	18 35 03.377	+32 41 46.93 
3C386	1836+171	0.0177	26.1	0.59	1	120	[601]	18 38 26.220	+17 11 50.16 
3C388	1842+455	0.0908	26.8	0.70	2	62	[647]	18 44 02.354	+45 33 29.55 
3C390.3	1845+797	0.0569	51.8	0.75	2	330	[648]	18 42 08.926	+79 46 17.20 
3C401	1939+605	0.201	22.8	0.71	2	32	[506,522]	19 40 25.011	+60 41 36.14 
3C427.1	2104+763	0.572	29.0	0.97	2	0.8	[533]	21 04 06.937	+76 33 10.41 
3C432	2120+168	1.805	12.0	0.98	2	7.5	[504]	21 22 46.319	+17 04 38.04 
3C433	2121+248	0.1016	61.3	0.75	2	5	[646]	21 23 44.557	+25 04 28.04 
3C436	2141+279	0.2145	19.4	0.86	2	19	[506,522]	21 44 11.707	+28 10 18.57 
3C437	2145+151	1.480	15.9	0.79	2	<0.12	[503]	21 47 25.332	+15 20 22.40 
3C438	2153+377	0.290	48.7	0.88	2	7.1	[506,522]	21 55 52.255	+38 00 28.46 
3C441	2203+292	0.708	13.7	0.83	2	3.5	[505]	22 06 04.955	+29 29 22.31 
3C442A	2212+135	0.027	17.5	0.96	1	2	[649]	22 14 46.880	+13 50 27.16 
3C449	2229+390	0.0171	12.5	0.58	1	37	[506,650]	22 31 20.622	+39 21 30.11 
3C452	2243+394	0.0811	59.3	0.78	2	130	[646]	22 45 48.753	+39 41 15.89 
NGC7385	2247+113	0.0243	11.7	0.75	1	121	[506,539]	22 49 54.567	+11 36 32.57 
3C454	2249+185	1.757	12.6	0.90	0	<200	[531]	22 51 34.733	+18 48 39.82 
3C454.3	2251+158	0.859	14.2	0.04	0	12200	[651]	22 53 57.681	+16 08 54.15 
3C455	2252+129	0.5427	14.0	0.71	2	1.4	[519]	22 55 03.876	+13 13 34.23 
3C457	2309+184	0.428	14.3	1.01	2	2.1	[601,533]	23 12 07.588	+18 45 41.76 
3C465	2335+267	0.0293	41.2	0.75	1	270	[506,652]	23 38 29.357	+27 01 53.40 
3C469.1	2352+796	1.336	12.1	0.96	2	2.6	[653]	23 54 58.245	+79 55 18.40 
3C470	2356+438	1.653	11.0	0.77	2	2.0	[503]	23 58 35.910	+44 04 45.60 